-922 179
-918 179
-865 179
-398 142
-44 99
-30 98
-20 91
-19 91
-18 91
-17 91
-16 91
-16 97
-15 91
-15 97
-14 91
-13 91
-12 91
-11 91
-10 91
-9 91
-8 91
-7 91
-6 91
-5 91
-4 91
-3 91
-2 91
-1 91
0 91
0 92
0 93
0 94
0 96
0 178
0 179
1 0
1 90
1 179
2 0
2 1
2 89
2 90
2 179
3 1
3 89
4 1
4 89
5 89
6 89
7 89
8 89
9 89
10 89
11 89
12 89
13 89
14 89
15 89
16 89
18 89
19 89
20 89
21 89
22 89
23 89
70 92
79 90
104 88
142 85
249 67
266 64
267 63
267 64
268 62
268 63
649 70
650 68
650 70
650 71
651 68
651 70
651 71
652 69
652 70
652 71
652 72
653 69
653 70
653 71
654 69
654 70
654 71
655 69
655 70
655 71
655 72
656 69
656 70
656 71
656 72
657 69
657 70
657 71
657 72
658 68
659 68
660 68
661 68
661 69
662 67
663 67
664 67
664 68
665 67
665 68
666 68
666 69
667 67
667 68
667 69
668 67
668 68
670 67
671 67
672 67
673 66
674 66
678 66
679 65
680 65
684 65
687 66
688 65
688 66
688 67
689 65
689 67
692 65
694 64
726 51
727 51
732 52
733 52
734 52
735 52
738 53
739 52
739 53
740 52
740 53
741 52
741 53
742 52
742 53
743 52
743 53
744 52
744 53
745 52
745 53
746 52
746 53
746 54
747 52
747 53
747 54
748 52
748 53
748 54
749 53
749 54
750 52
750 53
750 54
751 50
751 54
752 53
752 54
752 56
753 54
753 56
754 54
754 55
754 56
755 51
755 54
755 55
755 56
756 53
756 54
756 55
756 56
757 51
757 53
757 54
757 55
758 51
758 53
758 54
758 55
758 56
759 51
759 53
759 54
759 55
759 56
759 57
760 54
760 55
760 56
760 57
761 54
761 55
761 56
761 57
762 53
762 54
762 55
762 56
762 57
762 58
762 59
763 54
763 55
763 56
763 57
763 58
763 59
764 54
764 55
764 56
764 57
764 58
764 59
765 54
765 55
765 56
765 57
765 58
765 59
765 60
766 54
766 55
766 56
766 57
766 58
766 59
766 60
767 54
767 55
767 56
767 57
767 58
767 59
767 60
768 54
768 55
768 56
768 59
768 60
769 54
769 55
769 56
769 57
769 59
769 60
770 54
770 55
770 56
770 57
770 58
770 59
770 60
771 54
771 55
771 56
771 57
771 58
771 59
771 60
772 54
772 55
772 56
772 57
772 58
772 59
772 60
773 54
773 55
773 56
773 58
773 59
773 60
774 54
774 55
774 56
774 58
774 59
774 60
775 54
775 55
775 58
775 60
776 54
776 55
776 58
776 60
777 53
777 54
777 55
777 58
777 60
778 53
778 54
778 60
779 54
779 60
780 53
780 60
781 53
781 54
782 53
859 91
860 91
862 91
864 91
865 91
866 91
867 91
868 91
869 91
870 91
871 91
872 91
873 91
874 91
875 91
876 91
877 91
879 90
880 17
880 90
881 89
882 89
883 89
884 89
885 89
886 89
887 18
887 89
888 18
888 89
889 89
890 20
890 89
891 20
891 89
892 89
893 89
894 21
894 89
898 21
925 0
1343 0
1344 0
